0.34130000
0.34080000
0.34020000
0.34150000
0.34080000
0.34200000
0.34270000
0.34150000
0.34250000
0.34120000
0.34170000
0.34210000
0.34260000
0.34210000
0.34120000
0.34090000
0.34050000
0.34030000
0.34000000
0.33980000
0.33950000
0.34000000
0.33960000
0.33880000
0.33910000
0.33970000
0.33880000
0.33680000
0.33820000
0.33670000
0.33800000
0.33740000
0.33860000
0.33900000
0.33870000
0.33960000
0.34000000
0.33970000
0.34080000
0.34150000
0.34100000
0.34030000
0.34160000
0.34100000
0.34070000
0.34020000
0.33980000
0.34040000
0.34030000
0.34000000
0.33920000
0.33870000
0.33930000
0.33900000
0.33870000
0.33910000
0.33900000
0.33890000
0.33880000
0.33990000
0.33980000
0.34000000
0.34080000
0.34210000
0.34270000
0.34160000
0.34090000
0.34190000
0.34260000
0.34200000
0.34110000
0.34390000
0.34500000
0.34260000
0.34100000
0.34160000
0.33720000
0.33490000
0.33290000
0.33570000
0.33520000
0.33640000
0.33560000
0.33480000
0.33770000
0.33770000
0.33760000
0.33580000
0.33460000
0.33590000
0.33530000
0.33520000
0.33480000
0.33440000
0.33430000
0.33450000
0.33290000
0.33390000
0.33290000
0.33430000
0.33500000
0.33500000
0.33570000
0.33540000
0.33530000
0.33520000
0.33530000
0.33530000
0.33460000
0.33430000
0.33390000
0.33530000
0.33480000
0.33560000
0.33520000
0.33580000
0.33510000
0.33520000
0.33640000
0.33670000
0.33800000
0.33810000
0.33760000
0.33710000
0.33740000
0.33650000
0.33860000
0.33970000
0.34110000
0.33980000
0.33900000
0.33880000
0.33860000
0.33930000
0.33800000
0.33770000
0.33780000
0.33860000
0.33790000
0.33800000
0.33770000
0.33610000
0.33660000
0.33580000
0.33510000
0.33490000
0.33590000
0.33500000
0.33600000
0.33650000
0.33720000
0.33810000
0.33790000
0.33800000
0.33810000
0.33770000
0.33790000
0.33650000
0.33580000
0.33560000
0.33440000
0.33410000
0.33440000
0.33560000
0.33470000
0.33560000
0.33460000
0.33480000
0.33690000
0.33490000
0.33550000
0.33660000
0.33590000
0.33730000
0.33700000
0.33810000
0.33750000
0.33780000
0.33710000
0.33800000
0.33840000
0.33830000
0.33750000
0.33820000
0.33670000
0.33690000
0.33560000
0.33450000
0.33400000
0.33010000
0.32280000
0.32440000
0.32520000
0.32500000
0.32450000
0.32380000
0.32290000
0.32360000
0.32210000
0.32250000
0.32270000
0.32270000
0.32220000
0.32210000
0.32200000
0.32360000
0.32310000
0.32480000
0.32580000
0.32540000
0.32620000
0.32630000
0.32520000
0.32480000
0.32420000
0.32350000
0.32390000
0.32390000
0.32320000
0.32250000
0.32250000
0.32250000
0.32070000
0.32300000
0.32440000
0.32420000
0.32380000
0.32310000
0.32290000
0.32250000
0.32240000
0.32420000
0.32440000
0.32560000
0.32590000
0.32580000
0.32590000
0.32580000
0.32570000
0.32590000
0.32720000
0.32830000
0.32680000
0.33320000
0.33640000
0.33490000
0.33550000
0.33590000
0.33720000
0.33730000
0.33770000
0.33800000
0.34060000
0.34420000
0.34230000
0.34200000
0.34410000
0.34280000
0.34130000
0.34070000
0.33870000
0.33420000
0.33350000
0.33180000
0.32890000
0.32840000
0.32880000
0.33110000
0.33080000
0.32970000
0.32740000
0.32520000
0.32700000
0.32410000
0.32530000
0.32290000
0.32400000
0.32420000
0.32560000
0.32800000
0.32830000
0.32870000
0.32590000
0.32790000
0.33000000
0.33250000
0.33140000
0.33150000
0.33110000
0.33150000
0.33140000
0.33210000
0.33150000
0.33190000
0.33300000
0.33340000
0.33200000
0.33180000
0.33170000
0.33150000
0.33190000
0.33190000
0.33220000
0.33220000
0.33110000
0.32990000
0.33000000
0.33020000
0.32980000
0.33010000
0.32910000
0.32850000
0.32860000
0.32880000
0.32860000
0.32920000
0.32980000
0.32890000
0.33020000
0.33010000
0.33020000
0.32980000
0.32930000
0.32880000
0.32780000
0.32860000
0.32800000
0.32830000
0.32860000
0.32940000
0.32910000
0.32990000
0.32950000
0.32920000
0.32970000
0.32970000
0.32980000
0.32960000
0.32930000
0.33010000
0.32940000
0.32990000
0.33040000
0.32940000
0.32990000
0.33080000
0.33080000
0.33160000
0.33140000
0.33250000
0.33180000
0.33080000
0.33090000
0.33050000
0.33160000
0.33140000
0.33080000
0.33180000
0.33320000
0.33250000
0.33290000
0.33340000
0.33440000
0.33390000
0.33330000
0.33330000
0.33380000
0.33330000
0.33400000
0.33510000
0.33540000
0.33560000
0.33550000
0.33540000
0.33700000
0.33710000
0.33650000
0.33710000
0.33830000
0.33790000
0.33770000
0.33670000
0.33680000
0.33610000
0.33550000
0.33510000
0.33470000
0.33450000
0.33420000
0.33520000
0.33520000
0.33400000
0.33350000
0.33420000
0.33500000
0.33550000
0.33530000
0.33600000
0.33570000
0.33570000
0.33570000
0.33540000
0.33600000
0.33610000
0.33640000
0.33730000
0.33620000
0.33670000
0.33730000
0.33680000
0.33690000
0.33600000
0.33590000
0.33560000
0.33430000
0.33500000
0.33530000
0.33680000
0.33560000
0.33480000
0.33390000
0.33360000
0.33360000
0.33340000
0.33410000
0.33420000
0.33560000
0.33440000
0.33500000
0.33420000
0.33430000
0.33450000
0.33460000
0.33450000
0.33510000
0.33480000
0.33490000
0.33490000
0.33500000
0.33450000
0.33480000
0.33530000
0.33580000
0.33540000
0.33510000
0.33620000
0.33670000
0.33770000
0.33810000
0.33690000
0.33650000
0.33670000
0.33640000
0.33750000
0.33750000
0.33830000
0.33950000
0.33840000
0.33940000
0.33920000
0.33940000
0.33770000
0.33800000
0.33830000
0.33850000
0.33780000
0.33780000
0.33870000
0.33930000
0.33870000
0.33820000
0.33910000
0.33950000
0.33900000
0.33830000
0.33720000
0.33780000
0.33720000
0.33710000
0.33780000
0.33800000
0.33860000
0.33920000
0.33890000
0.33830000
0.33940000
0.33930000
0.33870000
0.33920000
0.33940000
0.33880000
0.33840000
0.33820000
0.33760000
0.33850000
0.33910000
0.33840000
0.33840000
0.33770000
0.33590000
0.33530000
0.33420000
0.33480000
0.33470000
0.33430000
0.33340000
0.33430000
0.33450000
0.33590000
0.33510000
0.33470000
0.33490000
0.33390000
0.33430000
0.33370000
0.33390000
0.33390000
0.33380000
0.33340000
0.33360000
0.33340000
0.33390000
0.33350000
0.33300000
0.33340000
0.33300000
0.33270000
0.33320000
0.33460000
0.33260000
0.33350000
0.33220000
0.33180000
0.33080000
0.33110000
0.33190000
0.33200000
0.33250000
0.33270000
0.33360000
0.33340000
0.33060000
0.32910000
0.33030000
0.32980000
0.32950000
0.33040000
0.32960000
0.32940000
0.33110000
0.33130000
0.33120000
0.33060000
0.33050000
0.33140000
0.33260000
0.33310000
0.33040000
0.33090000
0.32940000
0.33020000
0.33210000
0.33210000
0.33290000
0.33240000
0.33270000
0.33220000
0.33190000
0.33050000
0.33240000
0.33170000
0.33370000
0.33530000
0.33620000
0.33400000
0.33600000
0.33700000
0.33720000
0.33720000
0.33650000
0.33570000
0.33540000
0.33530000
0.33570000
0.33630000
0.33530000
0.33480000
0.33490000
0.33550000
0.33500000
0.33570000
0.33530000
0.33610000
0.33610000
0.33550000
0.33630000
0.33580000
0.33670000
0.33590000
0.33990000
0.34050000
0.34130000
0.34130000
0.34280000
0.34240000
0.34150000
0.34220000
0.34160000
0.34220000
0.34280000
0.34190000
0.34200000
0.34140000
0.34140000
0.34230000
0.34170000
0.34260000
0.34330000
0.34380000
0.34510000
0.34430000
0.34470000
0.34290000
0.34330000
0.34360000
0.34300000
0.34240000
0.34330000
0.34350000
0.34410000
0.34390000
0.34330000
0.34370000
0.34240000
0.34330000
0.34400000
0.34360000
0.34410000
0.34420000
0.34400000
0.34460000
0.34440000
0.34450000
0.34460000
0.34330000
0.34420000
0.34570000
0.34580000
0.34530000
0.34490000
0.34390000
0.34340000
0.34480000
0.34580000
0.34290000
0.34140000
0.34100000
0.33950000
0.33750000
0.34010000
0.34000000
0.33920000
0.34090000
0.34160000
0.34090000
0.34050000
0.34050000
0.34140000
0.34110000
0.34130000
0.34300000
0.34300000
0.34440000
0.34560000
0.34740000
0.34630000
0.34720000
0.34750000
0.34720000
0.34600000
0.34520000
0.34460000
0.34390000
0.34510000
0.34560000
0.34520000
0.34640000
0.34550000
0.34500000
0.34500000
0.34480000
0.34340000
0.34350000
0.34340000
0.34550000
0.34460000
0.34530000
0.34420000
0.34410000
0.34410000
0.34370000
0.34410000
0.34490000
0.34450000
0.34530000
0.34560000
0.34670000
0.34700000
0.34700000
0.34880000
0.35010000
0.35100000
0.35320000
0.35720000
0.35570000
0.35400000
0.35550000
0.35620000
0.35840000
0.35960000
0.36010000
0.35760000
0.35730000
0.35750000
0.35720000
0.35900000
0.35890000
0.35520000
0.35510000
0.35340000
0.35190000
0.35120000
0.35100000
0.35180000
0.35230000
0.35150000
0.35080000
0.35190000
0.35140000
0.35110000
0.35050000
0.35100000
0.35140000
0.35190000
0.35300000
0.35190000
0.35250000
0.35390000
0.35170000
0.35490000
0.35340000
0.35480000
0.35630000
0.35440000
0.35710000
0.35750000
0.35790000
0.35770000
0.35820000
0.35870000
0.35960000
0.36330000
0.36860000
0.36790000
0.37180000
0.37340000
0.37140000
0.37070000
0.37160000
0.37320000
0.37450000
0.37550000
0.37610000
0.37660000
0.37410000
0.37130000
0.36930000
0.36910000
0.36900000
0.37040000
0.36900000
0.36970000
0.36880000
0.36920000
0.36940000
0.36950000
0.36980000
0.36900000
0.36850000
0.36890000
0.36990000
0.37030000
0.37120000
0.36950000
0.37170000
0.37340000
0.37330000
0.37320000
0.37140000
0.37060000
0.36920000
0.36820000
0.36890000
0.36870000
0.36850000
0.36920000
0.36970000
0.36830000
0.36820000
0.36890000
0.36640000
0.36640000
0.36530000
0.36570000
0.36510000
0.36490000
0.36500000
0.36530000
0.36500000
0.36460000
0.36490000
0.36610000
0.36510000
0.36600000
0.36600000
0.36620000
0.36620000
0.36750000
0.36820000
0.36880000
0.36940000
0.37000000
0.37090000
0.37160000
0.37100000
0.37260000
0.37380000
0.37380000
0.37300000
0.37250000
0.37160000
0.37060000
0.37280000
0.37440000
0.37200000
0.37310000
0.37210000
0.37120000
0.37080000
0.37090000
0.37260000
0.37120000
0.36960000
0.36970000
0.37140000
0.37200000
0.37210000
0.37010000
0.36970000
0.36970000
0.36920000
0.36870000
0.37020000
0.37080000
0.37130000
0.37080000
0.37180000
0.37160000
0.37120000
0.37030000
0.37100000
0.37140000
0.37240000
0.37450000
0.37380000
0.37430000
0.37400000
0.37330000
0.37320000
0.37430000
0.37430000
0.37640000
0.37640000
0.37570000
0.37610000
0.37630000
0.37770000
0.37690000
0.37750000
0.37720000
0.37690000
0.37590000
0.37580000
0.37640000
0.37690000
0.37670000
0.37630000
0.37600000
0.37640000
0.37530000
0.37480000
0.37490000
0.37510000
0.37550000
0.37470000
0.37440000
0.37620000
0.37670000
0.37640000
0.37660000
0.37590000
0.37410000
0.37510000
0.38170000
0.37940000
0.38090000
0.38070000
0.38240000
0.38390000
0.38500000
0.38500000
0.38710000
0.38440000
0.38260000
0.38070000
0.38120000
0.38140000
0.38140000
0.38110000
0.38060000
0.38060000
0.37970000
0.37970000
0.37970000
0.38160000
0.38170000
0.37760000
0.37910000
0.37740000
0.37760000
0.37580000
0.37710000
0.38320000
0.38170000
0.38010000
0.37830000
0.38140000
0.38000000
0.38220000
0.38280000
0.38310000
0.38280000
0.38340000
0.38320000
0.38380000
0.38210000
0.38340000
0.38660000
0.38610000
0.38790000
0.38810000
0.38580000
0.38800000
0.38880000
0.39010000
0.38940000
0.39070000
0.39140000
0.38950000
0.38980000
0.38760000
0.38950000
0.39030000
0.39120000
0.39160000
0.39170000
0.39010000
0.38890000
0.39010000
0.38980000
0.39020000
0.39120000
0.39190000
0.39340000
0.39180000
0.39180000
0.39200000
0.38980000
0.38780000
0.38960000
0.39050000
0.39040000
0.39210000
0.39240000
0.39110000
0.39050000
0.38970000
0.39080000
0.39060000
0.39040000